{
  "Ankle_L": [
    [
      4.447514606598091e-09,
      0.9999999999999942,
      1.0752757583485685e-07,
      0.0
    ],
    [
      0.03834922655448667,
      1.0727791964221939e-07,
      -0.9992643978560733,
      0.0
    ],
    [
      -0.999264397856079,
      8.56784246675013e-09,
      -0.03834922655448586,
      0.0
    ],
    [
      0.7220554222387543,
      0.7449697949699234,
      -0.8365737447458863,
      1.0
    ]
  ],
  "Ankle_R": [
    [
      4.447571656449045e-09,
      -0.9999999999999942,
      -1.0752895197125786e-07,
      0.0
    ],
    [
      0.03834922655450282,
      -1.072792926173037e-07,
      0.999264397856073,
      0.0
    ],
    [
      -0.9992643978560786,
      -8.567952071783513e-09,
      0.0383492265545022,
      0.0
    ],
    [
      -0.7220554222385556,
      0.7449697949703626,
      -0.8365737447508197,
      1.0
    ]
  ],
  "Chest_M": [
    [
      5.116750179879228e-16,
      0.9998384761404564,
      0.01797280248403929,
      0.0
    ],
    [
      -5.552152190868697e-16,
      -0.017972802484039374,
      0.9998384761404563,
      0.0
    ],
    [
      1.0,
      -6.106226635438362e-16,
      4.440892098500626e-16,
      0.0
    ],
    [
      -1.9164574249698174e-15,
      12.169409728367661,
      -0.48312235705832196,
      1.0
    ]
  ],
  "Cup_L": [
    [
      -0.9619987275893541,
      -0.10976280710283629,
      -0.25002114769228834,
      0.0
    ],
    [
      0.24842266784113257,
      0.028227029792346786,
      -0.9682403693772517,
      0.0
    ],
    [
      0.11333413527776125,
      -0.9935569238679823,
      0.00011320262635386907,
      0.0
    ],
    [
      6.151691155368863,
      12.70352414510766,
      -0.7717115780774478,
      1.0
    ]
  ],
  "Cup_R": [
    [
      -0.9619987275893523,
      0.10976280710283795,
      0.25002114769229494,
      0.0
    ],
    [
      0.24842266784113912,
      -0.02822702979234635,
      0.9682403693772498,
      0.0
    ],
    [
      0.1133341352777626,
      0.9935569238679822,
      -0.0001132026263555029,
      0.0
    ],
    [
      -6.151691155368869,
      12.70352414510766,
      -0.7717115780774568,
      1.0
    ]
  ],
  "ElbowPart1_L": [
    [
      -0.9993899589534528,
      0.025081466034684207,
      -0.024302880581666006,
      0.0
    ],
    [
      0.02429236197163398,
      -0.0007240296018676544,
      -0.9997046348452001,
      0.0
    ],
    [
      -0.025091653848537954,
      -0.9996851483555643,
      0.00011429986239789295,
      0.0
    ],
    [
      4.6732227580025745,
      12.72098048654539,
      -0.6638893027160606,
      1.0
    ]
  ],
  "ElbowPart1_R": [
    [
      -0.9993899589534528,
      -0.025081466034686164,
      0.024302880581669448,
      0.0
    ],
    [
      0.024292361971637158,
      0.000724029601868208,
      0.9997046348452,
      0.0
    ],
    [
      -0.025091653848540105,
      0.9996851483555644,
      -0.00011429986239831232,
      0.0
    ],
    [
      -4.673222758002579,
      12.720980486545386,
      -0.6638893027160729,
      1.0
    ]
  ],
  "Elbow_L": [
    [
      -0.9993899589534528,
      0.025081466034684207,
      -0.024302880581666006,
      0.0
    ],
    [
      0.02429236197163398,
      -0.0007240296018676544,
      -0.9997046348452001,
      0.0
    ],
    [
      -0.025091653848537954,
      -0.9996851483555643,
      0.00011429986239789295,
      0.0
    ],
    [
      3.6126585546305643,
      12.74759722889499,
      -0.6896798011624647,
      1.0
    ]
  ],
  "Elbow_R": [
    [
      -0.9993899589534528,
      -0.025081466034686164,
      0.024302880581669448,
      0.0
    ],
    [
      0.024292361971637158,
      0.000724029601868208,
      0.9997046348452,
      0.0
    ],
    [
      -0.025091653848540105,
      0.9996851483555644,
      -0.00011429986239831232,
      0.0
    ],
    [
      -3.612658554630568,
      12.747597228894985,
      -0.6896798011624773,
      1.0
    ]
  ],
  "HeadEnd_M": [
    [
      5.215711437329662e-16,
      1.0,
      -1.3877787807814457e-16,
      0.0
    ],
    [
      -5.459293045474911e-16,
      5.551115123125783e-17,
      1.0,
      0.0
    ],
    [
      1.0,
      -6.106226635438362e-16,
      4.440892098500626e-16,
      0.0
    ],
    [
      -1.3299011532904043e-15,
      15.64023506007271,
      -0.3773572548499105,
      1.0
    ]
  ],
  "Head_M": [
    [
      5.215711437329662e-16,
      1.0,
      -1.3877787807814457e-16,
      0.0
    ],
    [
      -5.459293045474911e-16,
      5.551115123125783e-17,
      1.0,
      0.0
    ],
    [
      1.0,
      -6.106226635438362e-16,
      4.440892098500626e-16,
      0.0
    ],
    [
      1.1637033375676955e-15,
      14.264457219458391,
      -0.3773572548499109,
      1.0
    ]
  ],
  "HipPart1_L": [
    [
      0.01342766846661652,
      0.9996227944878595,
      0.023957597121443706,
      0.0
    ],
    [
      -0.04100971766020037,
      0.024490153825811222,
      -0.9988585662760361,
      0.0
    ],
    [
      -0.9990685165577888,
      0.012429847379227374,
      0.04132309423491715,
      0.0
    ],
    [
      0.8094602098108157,
      6.549818276639915,
      -0.4694668991953116,
      1.0
    ]
  ],
  "HipPart1_R": [
    [
      0.013427668466616853,
      -0.9996227944878594,
      -0.023957597121442777,
      0.0
    ],
    [
      -0.04100971766020104,
      -0.024490153825810313,
      0.9988585662760363,
      0.0
    ],
    [
      -0.999068516557789,
      -0.01242984737922755,
      -0.04132309423491762,
      0.0
    ],
    [
      -0.8094602098108159,
      6.549818276639917,
      -0.46946689919531115,
      1.0
    ]
  ],
  "Hip_L": [
    [
      0.01342766846661652,
      0.9996227944878595,
      0.023957597121443706,
      0.0
    ],
    [
      -0.04100971766020037,
      0.024490153825811222,
      -0.9988585662760361,
      0.0
    ],
    [
      -0.9990685165577888,
      0.012429847379227374,
      0.04132309423491715,
      0.0
    ],
    [
      0.8392637372016908,
      8.768541907635917,
      -0.4162915542868773,
      1.0
    ]
  ],
  "Hip_R": [
    [
      0.013427668466616853,
      -0.9996227944878594,
      -0.023957597121442777,
      0.0
    ],
    [
      -0.04100971766020104,
      -0.024490153825810313,
      0.9988585662760363,
      0.0
    ],
    [
      -0.999068516557789,
      -0.01242984737922755,
      -0.04132309423491762,
      0.0
    ],
    [
      -0.8392637372016906,
      8.76854190763592,
      -0.41629155428687803,
      1.0
    ]
  ],
  "IndexFinger1_L": [
    [
      -0.9952493866470463,
      -0.015638009714323817,
      -0.0960942819883293,
      0.0
    ],
    [
      0.09622881959102811,
      -0.008089334392516415,
      -0.9953263670521362,
      0.0
    ],
    [
      0.014787584616671665,
      -0.9998449956474558,
      0.009555732308097312,
      0.0
    ],
    [
      6.517474687122813,
      12.727697219343618,
      -0.407189971774919,
      1.0
    ]
  ],
  "IndexFinger1_R": [
    [
      -0.9952493866470458,
      0.01563800971432521,
      0.09609428198833661,
      0.0
    ],
    [
      0.0962288195910352,
      0.008089334392516126,
      0.9953263670521353,
      0.0
    ],
    [
      0.014787584616672837,
      0.9998449956474559,
      -0.009555732308097266,
      0.0
    ],
    [
      -6.5174746871228155,
      12.72769721934362,
      -0.40718997177492533,
      1.0
    ]
  ],
  "IndexFinger2_L": [
    [
      -0.9952593971797622,
      0.01600572978312406,
      -0.09592991681162592,
      0.0
    ],
    [
      0.09581017340586404,
      -0.008089257053191287,
      -0.9953667538110091,
      0.0
    ],
    [
      -0.016707573052784776,
      -0.9998391773352537,
      0.006517397352382867,
      0.0
    ],
    [
      6.8336512677098735,
      12.732665192702845,
      -0.37666218456833894,
      1.0
    ]
  ],
  "IndexFinger2_R": [
    [
      -0.9952593971797618,
      -0.01600572978312321,
      0.09592991681163314,
      0.0
    ],
    [
      0.09581017340587102,
      0.008089257053191164,
      0.9953667538110083,
      0.0
    ],
    [
      -0.01670757305278415,
      0.9998391773352538,
      -0.006517397352382704,
      0.0
    ],
    [
      -6.833651267709875,
      12.732665192702875,
      -0.37666218456834494,
      1.0
    ]
  ],
  "IndexFinger3_L": [
    [
      -0.9952454045255169,
      0.024603465574757625,
      -0.09424040668710752,
      0.0
    ],
    [
      0.09474990631770983,
      0.020433927166447055,
      -0.9952913693353027,
      0.0
    ],
    [
      -0.022561915335913684,
      -0.9994884311998153,
      -0.022667948167114763,
      0.0
    ],
    [
      7.016603314798586,
      12.72972296373495,
      -0.35902801330859524,
      1.0
    ]
  ],
  "IndexFinger3_R": [
    [
      -0.9952454045255165,
      -0.02460346557475677,
      0.09424040668711473,
      0.0
    ],
    [
      0.09474990631771675,
      -0.02043392716644747,
      0.9952913693353017,
      0.0
    ],
    [
      -0.02256191533591282,
      0.9994884311998155,
      0.02266794816711525,
      0.0
    ],
    [
      -7.016603314798588,
      12.72972296373494,
      -0.3590280133086005,
      1.0
    ]
  ],
  "IndexFinger4_L": [
    [
      -0.9952454045255169,
      0.024603465574757625,
      -0.09424040668710752,
      0.0
    ],
    [
      0.09474990631770983,
      0.020433927166447055,
      -0.9952913693353027,
      0.0
    ],
    [
      -0.022561915335913684,
      -0.9994884311998153,
      -0.022667948167114763,
      0.0
    ],
    [
      7.185721002429059,
      12.72554220471132,
      -0.34301415422640147,
      1.0
    ]
  ],
  "IndexFinger4_R": [
    [
      -0.9952454045255165,
      -0.02460346557475677,
      0.09424040668711473,
      0.0
    ],
    [
      0.09474990631771675,
      -0.02043392716644747,
      0.9952913693353017,
      0.0
    ],
    [
      -0.02256191533591282,
      0.9994884311998155,
      0.02266794816711525,
      0.0
    ],
    [
      -7.1857210024290605,
      12.725542204711317,
      -0.3430141542264047,
      1.0
    ]
  ],
  "Knee_L": [
    [
      0.015999015412275906,
      0.9960627002917412,
      0.08719592073808745,
      0.0
    ],
    [
      -0.04007656084117592,
      0.08777582800323905,
      -0.9953337496988078,
      0.0
    ],
    [
      -0.9990685165577888,
      0.012429847379227374,
      0.04132309423491715,
      0.0
    ],
    [
      0.7796566824199405,
      4.331094645643912,
      -0.5226422441037459,
      1.0
    ]
  ],
  "Knee_R": [
    [
      0.01599901541233147,
      -0.9960627002916203,
      -0.08719592073945717,
      0.0
    ],
    [
      -0.04007656084115454,
      -0.08777582800460978,
      0.995333749698688,
      0.0
    ],
    [
      -0.999068516557789,
      -0.01242984737922755,
      -0.04132309423491762,
      0.0
    ],
    [
      -0.7796566824199412,
      4.331094645643915,
      -0.5226422441037442,
      1.0
    ]
  ],
  "MiddleFinger1_L": [
    [
      -0.9990905966107927,
      0.028208774178584847,
      -0.031972563601186464,
      0.0
    ],
    [
      0.03188393725425179,
      -0.003586134526976131,
      -0.9994851445540957,
      0.0
    ],
    [
      -0.028308908651822784,
      -0.9995956205878935,
      0.002683466498153874,
      0.0
    ],
    [
      6.545582882535228,
      12.756801286302908,
      -0.5844963674013209,
      1.0
    ]
  ],
  "MiddleFinger1_R": [
    [
      -0.9990905966107926,
      -0.028208774178584112,
      0.031972563601193625,
      0.0
    ],
    [
      0.03188393725425872,
      0.0035861345269758613,
      0.9994851445540954,
      0.0
    ],
    [
      -0.028308908651822243,
      0.9995956205878938,
      -0.002683466498153421,
      0.0
    ],
    [
      -6.545582882535234,
      12.75680128630289,
      -0.5844963674013312,
      1.0
    ]
  ],
  "MiddleFinger2_L": [
    [
      -0.9992814962416383,
      -0.02067927692864023,
      -0.03176253728500178,
      0.0
    ],
    [
      0.03185638760707641,
      -0.004224802797403934,
      -0.9994835274330193,
      0.0
    ],
    [
      0.020534406193027363,
      -0.9997772344612731,
      0.004880534321988577,
      0.0
    ],
    [
      6.850422568037606,
      12.748194305236115,
      -0.5747409895947897,
      1.0
    ]
  ],
  "MiddleFinger2_R": [
    [
      -0.9992814962416382,
      0.020679276928642125,
      0.03176253728500882,
      0.0
    ],
    [
      0.03185638760708321,
      0.004224802797402651,
      0.999483527433019,
      0.0
    ],
    [
      0.020534406193029077,
      0.9997772344612733,
      -0.004880534321987496,
      0.0
    ],
    [
      -6.8504225680376125,
      12.7481943052361,
      -0.5747409895947982,
      1.0
    ]
  ],
  "MiddleFinger3_L": [
    [
      -0.9994297497215716,
      -0.011248917762333228,
      -0.0318376698370478,
      0.0
    ],
    [
      0.03189722857773289,
      -0.005155440663224759,
      -0.9994778578040776,
      0.0
    ],
    [
      0.011078907010010913,
      -0.9999234387095564,
      0.005511310072868476,
      0.0
    ],
    [
      7.10470981046589,
      12.753456562493355,
      -0.5666583741865154,
      1.0
    ]
  ],
  "MiddleFinger3_R": [
    [
      -0.9994297497215715,
      0.011248917762334755,
      0.03183766983705471,
      0.0
    ],
    [
      0.03189722857773956,
      0.005155440663222466,
      0.9994778578040774,
      0.0
    ],
    [
      0.011078907010012289,
      0.9999234387095566,
      -0.005511310072866308,
      0.0
    ],
    [
      -7.104709810465895,
      12.753456562493342,
      -0.5666583741865198,
      1.0
    ]
  ],
  "MiddleFinger4_L": [
    [
      -0.9994297497215716,
      -0.011248917762333228,
      -0.0318376698370478,
      0.0
    ],
    [
      0.03189722857773289,
      -0.005155440663224759,
      -0.9994778578040776,
      0.0
    ],
    [
      0.011078907010010913,
      -0.9999234387095564,
      0.005511310072868476,
      0.0
    ],
    [
      7.296392511849709,
      12.755614015725973,
      -0.5605521615569307,
      1.0
    ]
  ],
  "MiddleFinger4_R": [
    [
      -0.9994297497215715,
      0.011248917762334755,
      0.03183766983705471,
      0.0
    ],
    [
      0.03189722857773956,
      0.005155440663222466,
      0.9994778578040774,
      0.0
    ],
    [
      0.011078907010012289,
      0.9999234387095566,
      -0.005511310072866308,
      0.0
    ],
    [
      -7.296392511849715,
      12.755614015725982,
      -0.5605521615569363,
      1.0
    ]
  ],
  "NeckPart1_M": [
    [
      4.752727414834208e-16,
      0.9966635994364762,
      0.08161905144221954,
      0.0
    ],
    [
      -5.866780077192729e-16,
      -0.08161905144221962,
      0.9966635994364761,
      0.0
    ],
    [
      1.0,
      -6.106226635438362e-16,
      4.440892098500626e-16,
      0.0
    ],
    [
      2.0143650467275807e-15,
      13.73169127531666,
      -0.4209866710603095,
      1.0
    ]
  ],
  "Neck_M": [
    [
      4.752727414834208e-16,
      0.9966635994364762,
      0.08161905144221954,
      0.0
    ],
    [
      -5.866780077192729e-16,
      -0.08161905144221962,
      0.9966635994364761,
      0.0
    ],
    [
      1.0,
      -6.106226635438362e-16,
      4.440892098500626e-16,
      0.0
    ],
    [
      2.1689442383776233e-15,
      13.198925331174927,
      -0.4646160872707066,
      1.0
    ]
  ],
  "PinkyFinger1_L": [
    [
      -0.9938075763321799,
      0.033070416744840514,
      0.10607944551646727,
      0.0
    ],
    [
      -0.10547733781307757,
      0.01945360435896377,
      -0.9942314059037318,
      0.0
    ],
    [
      -0.03494327449774057,
      -0.9992636813242877,
      -0.01584495988029205,
      0.0
    ],
    [
      6.497012090894372,
      12.709257549414822,
      -0.925807255657329,
      1.0
    ]
  ],
  "PinkyFinger1_R": [
    [
      -0.9938075763321808,
      -0.0330704167448396,
      -0.10607944551646004,
      0.0
    ],
    [
      -0.10547733781307062,
      -0.0194536043589633,
      0.9942314059037325,
      0.0
    ],
    [
      -0.03494327449773965,
      0.9992636813242878,
      0.015844959880291897,
      0.0
    ],
    [
      -6.497012090894379,
      12.709257549414822,
      -0.9258072556573356,
      1.0
    ]
  ],
  "PinkyFinger2_L": [
    [
      -0.9941609545021692,
      -0.00030634442649432603,
      0.10790691681457763,
      0.0
    ],
    [
      -0.10789956990733335,
      0.014831506731507977,
      -0.9940511602638397,
      0.0
    ],
    [
      -0.0012959001305144907,
      -0.9998899602262068,
      -0.014777959320763505,
      0.0
    ],
    [
      6.723928901661115,
      12.701706556972004,
      -0.9500284530377572,
      1.0
    ]
  ],
  "PinkyFinger2_R": [
    [
      -0.9941609545021701,
      0.0003063444264962342,
      -0.10790691681457044,
      0.0
    ],
    [
      -0.10789956990732642,
      -0.01483150673150787,
      0.9940511602638403,
      0.0
    ],
    [
      -0.001295900130512645,
      0.9998899602262069,
      0.014777959320763584,
      0.0
    ],
    [
      -6.723928901661124,
      12.701706556972047,
      -0.9500284530377588,
      1.0
    ]
  ],
  "PinkyFinger3_L": [
    [
      -0.9924782788939116,
      -0.05474953022779756,
      0.10949591254295564,
      0.0
    ],
    [
      -0.10840116725363097,
      -0.022589564578431885,
      -0.9938505413341623,
      0.0
    ],
    [
      0.056886315242151264,
      -0.9982445594702695,
      0.016484739190483794,
      0.0
    ],
    [
      6.864184987897186,
      12.7017497760002,
      -0.9652519455332845,
      1.0
    ]
  ],
  "PinkyFinger3_R": [
    [
      -0.9924782788939125,
      0.05474953022779935,
      -0.10949591254294833,
      0.0
    ],
    [
      -0.10840116725362386,
      0.022589564578432177,
      0.993850541334163,
      0.0
    ],
    [
      0.05688631524215277,
      0.9982445594702695,
      -0.016484739190484328,
      0.0
    ],
    [
      -6.864184987897196,
      12.701749776000202,
      -0.9652519455332893,
      1.0
    ]
  ],
  "PinkyFinger4_L": [
    [
      -0.9924782788939116,
      -0.05474953022779756,
      0.10949591254295564,
      0.0
    ],
    [
      -0.10840116725363097,
      -0.022589564578431885,
      -0.9938505413341623,
      0.0
    ],
    [
      0.056886315242151264,
      -0.9982445594702695,
      0.016484739190483794,
      0.0
    ],
    [
      7.0376943944519645,
      12.71132132905183,
      -0.9843945013045627,
      1.0
    ]
  ],
  "PinkyFinger4_R": [
    [
      -0.9924782788939125,
      0.05474953022779935,
      -0.10949591254294833,
      0.0
    ],
    [
      -0.10840116725362386,
      0.022589564578432177,
      0.993850541334163,
      0.0
    ],
    [
      0.05688631524215277,
      0.9982445594702695,
      -0.016484739190484328,
      0.0
    ],
    [
      -7.037694394451973,
      12.711321329051858,
      -0.9843945013045656,
      1.0
    ]
  ],
  "RingFinger1_L": [
    [
      -0.9997811106681612,
      0.01836609946618746,
      0.010020835371169748,
      0.0
    ],
    [
      -0.01010595625450364,
      -0.004547735191399783,
      -0.9999385919909339,
      0.0
    ],
    [
      -0.018319399534920122,
      -0.9998209862245476,
      0.004732346738453586,
      0.0
    ],
    [
      6.540967624914218,
      12.73960547919182,
      -0.7553832729029895,
      1.0
    ]
  ],
  "RingFinger1_R": [
    [
      -0.9997811106681613,
      -0.018366099466186586,
      -0.010020835371163427,
      0.0
    ],
    [
      -0.010105956254497431,
      0.004547735191400108,
      0.9999385919909337,
      0.0
    ],
    [
      -0.018319399534919442,
      0.9998209862245477,
      -0.00473234673845381,
      0.0
    ],
    [
      -6.540967624914225,
      12.73960547919182,
      -0.7553832729029958,
      1.0
    ]
  ],
  "RingFinger2_L": [
    [
      -0.99980182835029,
      -0.017209332937749167,
      0.010007141812482783,
      0.0
    ],
    [
      -0.010015071649660982,
      0.00037466387489340416,
      -0.9999497777222781,
      0.0
    ],
    [
      0.01720471933132299,
      -0.9998518382674598,
      -0.0005469423295495846,
      0.0
    ],
    [
      6.814149335188469,
      12.734587098258553,
      -0.7581213811907582,
      1.0
    ]
  ],
  "RingFinger2_R": [
    [
      -0.99980182835029,
      0.017209332937750548,
      -0.010007141812476304,
      0.0
    ],
    [
      -0.010015071649654594,
      -0.00037466387489230694,
      0.9999497777222779,
      0.0
    ],
    [
      0.017204719331324208,
      0.9998518382674598,
      0.0005469423295483651,
      0.0
    ],
    [
      -6.814149335188476,
      12.734587098258539,
      -0.7581213811907614,
      1.0
    ]
  ],
  "RingFinger3_L": [
    [
      -0.9992402034570467,
      -0.03764261295471184,
      0.010101954516914565,
      0.0
    ],
    [
      -0.00975052317327684,
      -0.009507918417738837,
      -0.9999072590921667,
      0.0
    ],
    [
      0.037735170504019845,
      -0.9992460323550469,
      0.00913365916427682,
      0.0
    ],
    [
      7.031397182388965,
      12.73832652984036,
      -0.76029584212266,
      1.0
    ]
  ],
  "RingFinger3_R": [
    [
      -0.9992402034570467,
      0.037642612954713245,
      -0.010101954516908275,
      0.0
    ],
    [
      -0.009750523173270612,
      0.00950791841773968,
      0.9999072590921665,
      0.0
    ],
    [
      0.037735170504021004,
      0.9992460323550469,
      -0.009133659164277911,
      0.0
    ],
    [
      -7.031397182388972,
      12.73832652984034,
      -0.7602958421226614,
      1.0
    ]
  ],
  "RingFinger4_L": [
    [
      -0.9992402034570467,
      -0.03764261295471184,
      0.010101954516914565,
      0.0
    ],
    [
      -0.00975052317327684,
      -0.009507918417738837,
      -0.9999072590921667,
      0.0
    ],
    [
      0.037735170504019845,
      -0.9992460323550469,
      0.00913365916427682,
      0.0
    ],
    [
      7.2206607093121145,
      12.745456320721187,
      -0.7622092274469017,
      1.0
    ]
  ],
  "RingFinger4_R": [
    [
      -0.9992402034570467,
      0.037642612954713245,
      -0.010101954516908275,
      0.0
    ],
    [
      -0.009750523173270612,
      0.00950791841773968,
      0.9999072590921665,
      0.0
    ],
    [
      0.037735170504021004,
      0.9992460323550469,
      -0.009133659164277911,
      0.0
    ],
    [
      -7.220660709312119,
      12.74545632072121,
      -0.762209227446905,
      1.0
    ]
  ],
  "RootPart1_M": [
    [
      4.440892098500626e-16,
      0.9910637406776603,
      0.13338913716642523,
      0.0
    ],
    [
      -6.106226635438362e-16,
      -0.1333891371664253,
      0.9910637406776603,
      0.0
    ],
    [
      1.0,
      -6.106226635438362e-16,
      4.440892098500626e-16,
      0.0
    ],
    [
      -1.1169663333275775e-16,
      9.90300783551273,
      -0.25670409481463297,
      1.0
    ]
  ],
  "Root_M": [
    [
      4.440892098500626e-16,
      0.9910637406776603,
      0.13338913716642523,
      0.0
    ],
    [
      -6.106226635438362e-16,
      -0.1333891371664253,
      0.9910637406776603,
      0.0
    ],
    [
      1.0,
      -6.106226635438362e-16,
      4.440892098500626e-16,
      0.0
    ],
    [
      1.80568141120177e-16,
      9.081645965576172,
      -0.36725273728370667,
      1.0
    ]
  ],
  "Scapula_L": [
    [
      -0.9998883837628278,
      -0.014935878160757268,
      0.0003735769354773934,
      0.0
    ],
    [
      -0.00037181951262288464,
      -0.0001204412219301639,
      -0.9999999236220781,
      0.0
    ],
    [
      0.014935922014048619,
      -0.9998884462966252,
      0.00011487432779592296,
      0.0
    ],
    [
      0.4545137584209426,
      12.793197722020768,
      -0.5280012435775048,
      1.0
    ]
  ],
  "Scapula_R": [
    [
      -0.9998883837628281,
      0.014935878160755056,
      -0.0003735769354788065,
      0.0
    ],
    [
      -0.000371819512624495,
      0.00012044122193052171,
      0.9999999236220781,
      0.0
    ],
    [
      0.014935922014046222,
      0.9998884462966254,
      -0.00011487432779626012,
      0.0
    ],
    [
      -0.4545137584209458,
      12.793197722020768,
      -0.5280012435775051,
      1.0
    ]
  ],
  "ShoulderPart1_L": [
    [
      -0.997270437609543,
      0.025038987474847018,
      0.06946022873778145,
      0.0
    ],
    [
      -0.06944122102336331,
      0.0016288841419365104,
      -0.9975847149787513,
      0.0
    ],
    [
      -0.025091653848537954,
      -0.9996851483555643,
      0.00011429986239789295,
      0.0
    ],
    [
      2.4542708299455143,
      12.776681471880208,
      -0.6089976980044406,
      1.0
    ]
  ],
  "ShoulderPart1_R": [
    [
      -0.997270437609543,
      -0.025038987474849013,
      -0.06946022873778208,
      0.0
    ],
    [
      -0.06944122102336418,
      -0.0016288841419362444,
      0.9975847149787513,
      0.0
    ],
    [
      -0.025091653848540105,
      0.9996851483555644,
      -0.00011429986239831232,
      0.0
    ],
    [
      -2.454270829945518,
      12.776681471880199,
      -0.608997698004449,
      1.0
    ]
  ],
  "Shoulder_L": [
    [
      -0.997270437609543,
      0.025038987474847018,
      0.06946022873778145,
      0.0
    ],
    [
      -0.06944122102336331,
      0.0016288841419365104,
      -0.9975847149787513,
      0.0
    ],
    [
      -0.025091653848537954,
      -0.9996851483555643,
      0.00011429986239789295,
      0.0
    ],
    [
      1.295883105260464,
      12.805765714865426,
      -0.5283155948464164,
      1.0
    ]
  ],
  "Shoulder_R": [
    [
      -0.997270437609543,
      -0.025038987474849013,
      -0.06946022873778208,
      0.0
    ],
    [
      -0.06944122102336418,
      -0.0016288841419362444,
      0.9975847149787513,
      0.0
    ],
    [
      -0.025091653848540105,
      0.9996851483555644,
      -0.00011429986239831232,
      0.0
    ],
    [
      -1.2958831052604676,
      12.80576571486541,
      -0.5283155948464208,
      1.0
    ]
  ],
  "Spine1Part1_M": [
    [
      6.319220773697701e-16,
      0.9738723844842768,
      -0.22709596812561256,
      0.0
    ],
    [
      -4.1321876974708716e-16,
      0.2270959681256125,
      0.9738723844842767,
      0.0
    ],
    [
      1.0,
      -6.106226635438362e-16,
      4.440892098500626e-16,
      0.0
    ],
    [
      -1.4373268859233997e-15,
      11.446889716908474,
      -0.3146389047019397,
      1.0
    ]
  ],
  "Spine1_M": [
    [
      6.319220773697701e-16,
      0.9738723844842768,
      -0.22709596812561256,
      0.0
    ],
    [
      -4.1321876974708716e-16,
      0.2270959681256125,
      0.9738723844842767,
      0.0
    ],
    [
      1.0,
      -6.106226635438362e-16,
      4.440892098500626e-16,
      0.0
    ],
    [
      -1.2482966080425482e-15,
      10.724369705449288,
      -0.1461554523455575,
      1.0
    ]
  ],
  "ThumbFinger1_L": [
    [
      -0.6918625407620668,
      0.3736892161921734,
      -0.6178046571465262,
      0.0
    ],
    [
      0.46615313483459575,
      0.8846079814772104,
      0.013037407360921193,
      0.0
    ],
    [
      0.5513868692434892,
      -0.27897148386258874,
      -0.7862235252250908,
      0.0
    ],
    [
      5.961094573892992,
      12.576993806150542,
      -0.42220253453367906,
      1.0
    ]
  ],
  "ThumbFinger1_R": [
    [
      -0.6918625407620628,
      -0.3736892161921723,
      0.6178046571465315,
      0.0
    ],
    [
      0.46615313483459503,
      -0.8846079814772109,
      -0.013037407360924005,
      0.0
    ],
    [
      0.5513868692434951,
      0.27897148386258874,
      0.7862235252250865,
      0.0
    ],
    [
      -5.961094573892995,
      12.576993806150544,
      -0.42220253453368933,
      1.0
    ]
  ],
  "ThumbFinger2_L": [
    [
      -0.7957577001556795,
      0.4256813334666037,
      -0.4307726604382384,
      0.0
    ],
    [
      0.46615313483459575,
      0.8846079814772104,
      0.013037407360921193,
      0.0
    ],
    [
      0.38661471457618213,
      -0.1904314087668042,
      -0.9023663009156913,
      0.0
    ],
    [
      6.131600277035423,
      12.484900162096022,
      -0.26994798790738017,
      1.0
    ]
  ],
  "ThumbFinger2_R": [
    [
      -0.7957577001556769,
      -0.42568133346660264,
      0.4307726604382446,
      0.0
    ],
    [
      0.46615313483459503,
      -0.8846079814772109,
      -0.013037407360924005,
      0.0
    ],
    [
      0.3866147145761887,
      0.19043140876680445,
      0.9023663009156884,
      0.0
    ],
    [
      -6.131600277035433,
      12.484900162096034,
      -0.2699479879073938,
      1.0
    ]
  ],
  "ThumbFinger3_L": [
    [
      -0.7494647221060879,
      0.42110958438864526,
      -0.5108515912224085,
      0.0
    ],
    [
      0.47857793233421864,
      0.8777826709156945,
      0.0214649789847038,
      0.0
    ],
    [
      0.45745578256389785,
      -0.2283950537470816,
      -0.8594008997102107,
      0.0
    ],
    [
      6.364404217951421,
      12.360364399531598,
      -0.14392272548229876,
      1.0
    ]
  ],
  "ThumbFinger3_R": [
    [
      -0.7494647221060845,
      -0.4211095843886449,
      0.5108515912224143,
      0.0
    ],
    [
      0.4785779323342183,
      -0.8777826709156947,
      -0.02146497898470724,
      0.0
    ],
    [
      0.45745578256390423,
      0.22839505374708158,
      0.8594008997102074,
      0.0
    ],
    [
      -6.364404217951425,
      12.36036439953159,
      -0.1439227254823212,
      1.0
    ]
  ],
  "ThumbFinger4_L": [
    [
      -0.7494647221060879,
      0.42110958438864526,
      -0.5108515912224085,
      0.0
    ],
    [
      0.47857793233421864,
      0.8777826709156945,
      0.0214649789847038,
      0.0
    ],
    [
      0.45745578256389785,
      -0.2283950537470816,
      -0.8594008997102107,
      0.0
    ],
    [
      6.53024134441614,
      12.267183758279335,
      -0.030884503082473105,
      1.0
    ]
  ],
  "ThumbFinger4_R": [
    [
      -0.7494647221060845,
      -0.4211095843886449,
      0.5108515912224143,
      0.0
    ],
    [
      0.4785779323342183,
      -0.8777826709156947,
      -0.02146497898470724,
      0.0
    ],
    [
      0.45745578256390423,
      0.22839505374708158,
      0.8594008997102074,
      0.0
    ],
    [
      -6.530241344416151,
      12.267183758279353,
      -0.030884503082483597,
      1.0
    ]
  ],
  "ToesEnd_L": [
    [
      0.005468373283688634,
      0.171340637039106,
      -0.985196672239946,
      0.0
    ],
    [
      -0.043703099447631226,
      -0.9842291182762406,
      -0.1714149405269123,
      0.0
    ],
    [
      -0.9990295971553096,
      0.04399350902358024,
      0.0021059846845304375,
      0.0
    ],
    [
      0.6763445657542896,
      0.00616584666359439,
      0.9014973338809337,
      1.0
    ]
  ],
  "ToesEnd_R": [
    [
      0.005468373283714176,
      -0.17134063704045327,
      0.9851966722397117,
      0.0
    ],
    [
      -0.04370309944768511,
      0.9842291182760035,
      0.1714149405282593,
      0.0
    ],
    [
      -0.9990295971553073,
      -0.04399350902363464,
      -0.0021059846845745134,
      0.0
    ],
    [
      -0.6763445657540225,
      0.006165846661643798,
      0.9014973338749834,
      1.0
    ]
  ],
  "Toes_L": [
    [
      0.005468373283688634,
      0.171340637039106,
      -0.985196672239946,
      0.0
    ],
    [
      -0.043703099447631226,
      -0.9842291182762406,
      -0.1714149405269123,
      0.0
    ],
    [
      -0.9990295971553096,
      0.04399350902358024,
      0.0021059846845304375,
      0.0
    ],
    [
      0.6798939809528549,
      0.11737973600296603,
      0.262025253133346,
      1.0
    ]
  ],
  "Toes_R": [
    [
      0.005468373283714176,
      -0.17134063704045327,
      0.9851966722397117,
      0.0
    ],
    [
      -0.04370309944768511,
      0.9842291182760035,
      0.1714149405282593,
      0.0
    ],
    [
      -0.9990295971553073,
      -0.04399350902363464,
      -0.0021059846845745134,
      0.0
    ],
    [
      -0.679893980952605,
      0.11737973600189577,
      0.2620252531275489,
      1.0
    ]
  ],
  "Wrist_L": [
    [
      -0.9949015208280213,
      -0.07652071657408101,
      -0.06569279860897587,
      0.0
    ],
    [
      0.06550808898359547,
      0.004924123902183983,
      -0.9978398886001268,
      0.0
    ],
    [
      0.07667890278171477,
      -0.9970558324079877,
      0.00011370755139500367,
      0.0
    ],
    [
      5.733786961374585,
      12.694363744195789,
      -0.6380988042696568,
      1.0
    ]
  ],
  "Wrist_R": [
    [
      -0.9949015208280209,
      0.0765207165740822,
      0.06569279860898286,
      0.0
    ],
    [
      0.06550808898360228,
      -0.004924123902183635,
      0.9978398886001263,
      0.0
    ],
    [
      0.07667890278171575,
      0.9970558324079877,
      -0.00011370755139596943,
      0.0
    ],
    [
      -5.733786961374589,
      12.694363744195789,
      -0.6380988042696687,
      1.0
    ]
  ]
}