[
  {
    "name": "|Root_M|Hip_L|HipPart1_L|Knee_L|Ankle_L",
    "parent": "Knee_L",
    "local_matrix": [
      0.9960627097388572,
      0.08777572079917212,
      0.012429847379227543,
      0.0,
      -0.08651812250962254,
      0.9930646843637925,
      -0.07960620042968558,
      0.0,
      -0.019331134087141728,
      0.07821736065367527,
      0.9967488910188352,
      0.0,
      -3.6003003120422363,
      -5.88418203051333e-15,
      8.881784197001252e-16,
      1.0
    ],
    "rotateOrder": "xzy"
  },
  {
    "name": "|Root_M|Hip_R|HipPart1_R|Knee_R|Ankle_R",
    "parent": "Knee_R",
    "local_matrix": [
      0.9960627097388574,
      0.08777572079917084,
      0.012429847379227765,
      0.0,
      -0.08651812250962126,
      0.9930646843637926,
      -0.07960620042968526,
      0.0,
      -0.019331134087141825,
      0.07821736065367497,
      0.9967488910188352,
      0.0,
      3.6003003120422363,
      2.220446049250313e-15,
      -2.220446049250313e-16,
      1.0
    ],
    "rotateOrder": "xzy"
  },
  {
    "name": "|Root_M|RootPart1_M|Spine1_M|Spine1Part1_M|Chest_M",
    "parent": "Spine1Part1_M",
    "local_matrix": [
      0.9696335298779883,
      0.24456250271935034,
      0.0,
      0.0,
      -0.24456250271935034,
      0.9696335298779883,
      0.0,
      0.0,
      0.0,
      0.0,
      1.0,
      0.0,
      0.7419041991233826,
      -4.440892098500626e-16,
      -9.479561817658214e-16,
      1.0
    ],
    "rotateOrder": "xyz"
  },
  {
    "name": "|Root_M|RootPart1_M|Spine1_M|Spine1Part1_M|Chest_M|Scapula_L|Shoulder_L|ShoulderPart1_L|Elbow_L|ElbowPart1_L|Wrist_L|Cup_L",
    "parent": "Wrist_L",
    "local_matrix": [
      0.981917714669296,
      0.185921890249894,
      0.035646210801897456,
      0.0,
      -0.18570962299918517,
      0.9825615499401094,
      -0.009205243331412602,
      0.0,
      -0.03673605237539069,
      0.0024189471255855813,
      0.9993220757847172,
      0.0,
      -0.40769708156585693,
      0.16074536740779877,
      0.0228958111256361,
      1.0
    ],
    "rotateOrder": "xyz"
  },
  {
    "name": "|Root_M|RootPart1_M|Spine1_M|Spine1Part1_M|Chest_M|Scapula_R|Shoulder_R|ShoulderPart1_R|Elbow_R|ElbowPart1_R|Wrist_R|Cup_R",
    "parent": "Wrist_R",
    "local_matrix": [
      0.981917714669296,
      0.1859218902498939,
      0.03564621080189789,
      0.0,
      -0.18570962299918511,
      0.9825615499401094,
      -0.009205243331412288,
      0.0,
      -0.03673605237539107,
      0.002418947125585195,
      0.9993220757847172,
      0.0,
      0.40769708156585693,
      -0.16074536740779877,
      -0.0228958111256361,
      1.0
    ],
    "rotateOrder": "xyz"
  },
  {
    "name": "|Root_M|RootPart1_M|Spine1_M|Spine1Part1_M|Chest_M|Scapula_L|Shoulder_L|ShoulderPart1_L|Elbow_L|ElbowPart1_L",
    "parent": "Elbow_L",
    "local_matrix": [
      1.0,
      0.0,
      0.0,
      0.0,
      0.0,
      1.0,
      0.0,
      0.0,
      0.0,
      0.0,
      1.0,
      0.0,
      -1.0612115859985352,
      -1.3322676295501878e-15,
      -2.3447910280083306e-13,
      1.0
    ],
    "rotateOrder": "zyx"
  },
  {
    "name": "|Root_M|RootPart1_M|Spine1_M|Spine1Part1_M|Chest_M|Scapula_R|Shoulder_R|ShoulderPart1_R|Elbow_R|ElbowPart1_R",
    "parent": "Elbow_R",
    "local_matrix": [
      1.0,
      0.0,
      0.0,
      0.0,
      0.0,
      1.0,
      0.0,
      0.0,
      0.0,
      0.0,
      1.0,
      0.0,
      1.0612115859985352,
      -2.1094237467877974e-15,
      2.3803181647963356e-13,
      1.0
    ],
    "rotateOrder": "zyx"
  },
  {
    "name": "|Root_M|RootPart1_M|Spine1_M|Spine1Part1_M|Chest_M|Scapula_L|Shoulder_L|ShoulderPart1_L|Elbow_L",
    "parent": "ShoulderPart1_L",
    "local_matrix": [
      0.995601992577797,
      0.09368389602872117,
      0.0,
      0.0,
      -0.09368389602872117,
      0.995601992577797,
      0.0,
      0.0,
      0.0,
      0.0,
      1.0,
      0.0,
      -1.1615582704544067,
      -7.771561172376096e-16,
      3.552713678800501e-15,
      1.0
    ],
    "rotateOrder": "zyx"
  },
  {
    "name": "|Root_M|RootPart1_M|Spine1_M|Spine1Part1_M|Chest_M|Scapula_R|Shoulder_R|ShoulderPart1_R|Elbow_R",
    "parent": "ShoulderPart1_R",
    "local_matrix": [
      0.9956019925777966,
      0.0936838960287252,
      0.0,
      0.0,
      -0.0936838960287252,
      0.9956019925777966,
      0.0,
      0.0,
      0.0,
      0.0,
      1.0,
      0.0,
      1.1615582704544067,
      -2.609024107869118e-15,
      1.7763568394002505e-15,
      1.0
    ],
    "rotateOrder": "zyx"
  },
  {
    "name": "|Root_M|RootPart1_M|Spine1_M|Spine1Part1_M|Chest_M|Neck_M|NeckPart1_M|Head_M|HeadEnd_M",
    "parent": "Head_M",
    "local_matrix": [
      1.0,
      0.0,
      0.0,
      0.0,
      0.0,
      1.0,
      0.0,
      0.0,
      0.0,
      0.0,
      1.0,
      0.0,
      1.3757778406143188,
      5.551115123125783e-16,
      -3.21117051270978e-15,
      1.0
    ],
    "rotateOrder": "xyz"
  },
  {
    "name": "|Root_M|RootPart1_M|Spine1_M|Spine1Part1_M|Chest_M|Neck_M|NeckPart1_M|Head_M",
    "parent": "NeckPart1_M",
    "local_matrix": [
      0.996663599436476,
      -0.08161905144221966,
      -0.0,
      0.0,
      0.08161905144221966,
      0.996663599436476,
      0.0,
      0.0,
      0.0,
      -0.0,
      1.0,
      0.0,
      0.5345494151115417,
      1.3322676295501878e-15,
      -1.104718475138306e-15,
      1.0
    ],
    "rotateOrder": "zyx"
  },
  {
    "name": "|Root_M|Hip_L|HipPart1_L",
    "parent": "Hip_L",
    "local_matrix": [
      1.0,
      0.0,
      0.0,
      0.0,
      0.0,
      1.0,
      0.0,
      0.0,
      0.0,
      0.0,
      1.0,
      0.0,
      -2.2195608615875244,
      -4.107825191113079e-15,
      3.3306690738754696e-16,
      1.0
    ],
    "rotateOrder": "zxy"
  },
  {
    "name": "|Root_M|Hip_R|HipPart1_R",
    "parent": "Hip_R",
    "local_matrix": [
      1.0,
      0.0,
      0.0,
      0.0,
      0.0,
      1.0,
      0.0,
      0.0,
      0.0,
      0.0,
      1.0,
      0.0,
      2.2195608615875244,
      3.219646771412954e-15,
      8.881784197001252e-16,
      1.0
    ],
    "rotateOrder": "zxy"
  },
  {
    "name": "|Root_M|Hip_L",
    "parent": "Root_M",
    "local_matrix": [
      0.9938855891804041,
      -0.10959531622780003,
      0.013427668466616012,
      0.0,
      -0.10896557884647334,
      -0.9931992275893509,
      -0.04100971766020092,
      0.0,
      0.017830822924751428,
      0.039295813731807475,
      -0.9990685165577888,
      0.0,
      -0.3168473243713379,
      -0.00683591328561306,
      0.8392637372016907,
      1.0
    ],
    "rotateOrder": "zxy"
  },
  {
    "name": "|Root_M|Hip_R",
    "parent": "Root_M",
    "local_matrix": [
      -0.9938855891804039,
      0.10959531622780092,
      0.013427668466617361,
      0.0,
      0.1089655788464742,
      0.993199227589351,
      -0.041009717660200486,
      0.0,
      -0.017830822924752753,
      -0.03929581373180687,
      -0.999068516557789,
      0.0,
      -0.3168473243713379,
      -0.00683591328561306,
      -0.8392637372016907,
      1.0
    ],
    "rotateOrder": "zxy"
  },
  {
    "name": "|Root_M|RootPart1_M|Spine1_M|Spine1Part1_M|Chest_M|Scapula_L|Shoulder_L|ShoulderPart1_L|Elbow_L|ElbowPart1_L|Wrist_L|IndexFinger1_L",
    "parent": "Wrist_L",
    "local_matrix": [
      0.9976844624015678,
      0.03061281875558335,
      -0.06073358881485865,
      0.0,
      -0.029733422713316738,
      0.9994402844117927,
      0.015331062214540309,
      0.0,
      0.061168922307375494,
      -0.01348974509442968,
      0.9980362667363554,
      0.0,
      -0.7974118590354919,
      -0.17890802025794983,
      0.026883235201239586,
      1.0
    ],
    "rotateOrder": "xyz"
  },
  {
    "name": "|Root_M|RootPart1_M|Spine1_M|Spine1Part1_M|Chest_M|Scapula_R|Shoulder_R|ShoulderPart1_R|Elbow_R|ElbowPart1_R|Wrist_R|IndexFinger1_R",
    "parent": "Wrist_R",
    "local_matrix": [
      0.9976844624015678,
      0.030612818755583665,
      -0.060733588814858464,
      0.0,
      -0.029733422713317095,
      0.9994402844117927,
      0.015331062214539733,
      0.0,
      0.06116892230737529,
      -0.01348974509442909,
      0.9980362667363555,
      0.0,
      0.7974118590354919,
      0.17890802025794983,
      -0.026883235201239586,
      1.0
    ],
    "rotateOrder": "xyz"
  },
  {
    "name": "|Root_M|RootPart1_M|Spine1_M|Spine1Part1_M|Chest_M|Scapula_L|Shoulder_L|ShoulderPart1_L|Elbow_L|ElbowPart1_L|Wrist_L|IndexFinger1_L|IndexFinger2_L",
    "parent": "IndexFinger1_L",
    "local_matrix": [
      0.9994993233172478,
      -0.0004205370861693228,
      -0.03163741198206524,
      0.0,
      0.0004205370861692911,
      0.9999999115521376,
      -6.65401828133891e-06,
      0.0,
      0.03163741198206524,
      -6.654018279336293e-06,
      0.9994994117651101,
      0.0,
      -0.3176857829093933,
      -1.5543122344752192e-15,
      1.2434497875801753e-14,
      1.0
    ],
    "rotateOrder": "xyz"
  },
  {
    "name": "|Root_M|RootPart1_M|Spine1_M|Spine1Part1_M|Chest_M|Scapula_R|Shoulder_R|ShoulderPart1_R|Elbow_R|ElbowPart1_R|Wrist_R|IndexFinger1_R|IndexFinger2_R",
    "parent": "IndexFinger1_R",
    "local_matrix": [
      0.9994993233172478,
      -0.0004205370861694245,
      -0.03163741198206578,
      0.0,
      0.00042053708616939813,
      0.9999999115521376,
      -6.654018281173086e-06,
      0.0,
      0.03163741198206578,
      -6.654018279505646e-06,
      0.99949941176511,
      0.0,
      0.3176857829093933,
      -2.220446049250313e-16,
      1.4210854715202004e-14,
      1.0
    ],
    "rotateOrder": "xyz"
  },
  {
    "name": "|Root_M|RootPart1_M|Spine1_M|Spine1Part1_M|Chest_M|Scapula_L|Shoulder_L|ShoulderPart1_L|Elbow_L|ElbowPart1_L|Wrist_L|IndexFinger1_L|IndexFinger2_L|IndexFinger3_L",
    "parent": "IndexFinger2_L",
    "local_matrix": [
      0.999961612149501,
      -0.0017498908644370044,
      -0.00858557565533342,
      0.0,
      0.0015045435356962967,
      0.9995926490564276,
      -0.028500391244731912,
      0.0,
      0.008631950887261144,
      0.028486379803621186,
      0.999556909630244,
      0.0,
      -0.18382348120212555,
      -4.440892098500626e-16,
      -1.9539925233402755e-14,
      1.0
    ],
    "rotateOrder": "xyz"
  },
  {
    "name": "|Root_M|RootPart1_M|Spine1_M|Spine1Part1_M|Chest_M|Scapula_R|Shoulder_R|ShoulderPart1_R|Elbow_R|ElbowPart1_R|Wrist_R|IndexFinger1_R|IndexFinger2_R|IndexFinger3_R",
    "parent": "IndexFinger2_R",
    "local_matrix": [
      0.999961612149501,
      -0.0017498908644370263,
      -0.008585575655333414,
      0.0,
      0.0015045435356963164,
      0.9995926490564275,
      -0.0285003912447322,
      0.0,
      0.008631950887261139,
      0.028486379803621474,
      0.999556909630244,
      0.0,
      0.18382348120212555,
      -4.440892098500626e-16,
      -2.1316282072803006e-14,
      1.0
    ],
    "rotateOrder": "xyz"
  },
  {
    "name": "|Root_M|RootPart1_M|Spine1_M|Spine1Part1_M|Chest_M|Scapula_L|Shoulder_L|ShoulderPart1_L|Elbow_L|ElbowPart1_L|Wrist_L|IndexFinger1_L|IndexFinger2_L|IndexFinger3_L|IndexFinger4_L",
    "parent": "IndexFinger3_L",
    "local_matrix": [
      1.0,
      0.0,
      0.0,
      0.0,
      0.0,
      1.0,
      0.0,
      0.0,
      0.0,
      0.0,
      1.0,
      0.0,
      -0.16992561519145966,
      6.439293542825908e-15,
      -3.552713678800501e-15,
      1.0
    ],
    "rotateOrder": "xyz"
  },
  {
    "name": "|Root_M|RootPart1_M|Spine1_M|Spine1Part1_M|Chest_M|Scapula_R|Shoulder_R|ShoulderPart1_R|Elbow_R|ElbowPart1_R|Wrist_R|IndexFinger1_R|IndexFinger2_R|IndexFinger3_R|IndexFinger4_R",
    "parent": "IndexFinger3_R",
    "local_matrix": [
      1.0,
      0.0,
      0.0,
      0.0,
      0.0,
      1.0,
      0.0,
      0.0,
      0.0,
      0.0,
      1.0,
      0.0,
      0.16992561519145966,
      -5.773159728050814e-15,
      1.0658141036401503e-14,
      1.0
    ],
    "rotateOrder": "xyz"
  },
  {
    "name": "|Root_M|Hip_L|HipPart1_L|Knee_L",
    "parent": "HipPart1_L",
    "local_matrix": [
      0.9979908141651782,
      -0.063358778728166,
      -0.0,
      0.0,
      0.063358778728166,
      0.9979908141651782,
      0.0,
      0.0,
      0.0,
      -0.0,
      1.0,
      0.0,
      -2.2195608615875244,
      -3.9968028886505635e-15,
      3.3306690738754696e-16,
      1.0
    ],
    "rotateOrder": "zxy"
  },
  {
    "name": "|Root_M|Hip_R|HipPart1_R|Knee_R",
    "parent": "HipPart1_R",
    "local_matrix": [
      0.997990814165091,
      -0.06335877872954031,
      -0.0,
      0.0,
      0.06335877872954031,
      0.997990814165091,
      0.0,
      0.0,
      0.0,
      -0.0,
      1.0,
      0.0,
      2.2195608615875244,
      3.3306690738754696e-15,
      8.881784197001252e-16,
      1.0
    ],
    "rotateOrder": "zxy"
  },
  {
    "name": "|Root_M|RootPart1_M|Spine1_M|Spine1Part1_M|Chest_M|Scapula_L|Shoulder_L|ShoulderPart1_L|Elbow_L|ElbowPart1_L|Wrist_L|MiddleFinger1_L",
    "parent": "Wrist_L",
    "local_matrix": [
      0.9939385655808964,
      -0.03340611290420072,
      -0.10473852906940107,
      0.0,
      0.034212012233350415,
      0.9993971425273984,
      0.005906752662495418,
      0.0,
      0.10447806501814177,
      -0.009454265106427315,
      0.9944822526326763,
      0.0,
      -0.8159560561180115,
      -1.1102230246251565e-15,
      -8.881784197001252e-15,
      1.0
    ],
    "rotateOrder": "xyz"
  },
  {
    "name": "|Root_M|RootPart1_M|Spine1_M|Spine1Part1_M|Chest_M|Scapula_R|Shoulder_R|ShoulderPart1_R|Elbow_R|ElbowPart1_R|Wrist_R|MiddleFinger1_R",
    "parent": "Wrist_R",
    "local_matrix": [
      0.9939385655808964,
      -0.03340611290420063,
      -0.1047385290694015,
      0.0,
      0.034212012233350256,
      0.9993971425273984,
      0.00590675266249477,
      0.0,
      0.10447806501814223,
      -0.009454265106426668,
      0.9944822526326763,
      0.0,
      0.8159560561180115,
      -2.886579864025407e-15,
      -1.0658141036401503e-14,
      1.0
    ],
    "rotateOrder": "xyz"
  },
  {
    "name": "|Root_M|RootPart1_M|Spine1_M|Spine1Part1_M|Chest_M|Scapula_L|Shoulder_L|ShoulderPart1_L|Elbow_L|ElbowPart1_L|Wrist_L|MiddleFinger1_L|MiddleFinger2_L",
    "parent": "MiddleFinger1_L",
    "local_matrix": [
      0.9988049389526074,
      -4.0685686811561766e-05,
      0.048874249544653796,
      0.0,
      9.4568409108661e-06,
      0.9999997956706211,
      0.0006391942460635855,
      0.0,
      -0.048874265564265655,
      -0.0006379681739158157,
      0.9988047352521726,
      0.0,
      -0.3051171600818634,
      -3.3306690738754696e-16,
      3.197442310920451e-14,
      1.0
    ],
    "rotateOrder": "xyz"
  },
  {
    "name": "|Root_M|RootPart1_M|Spine1_M|Spine1Part1_M|Chest_M|Scapula_R|Shoulder_R|ShoulderPart1_R|Elbow_R|ElbowPart1_R|Wrist_R|MiddleFinger1_R|MiddleFinger2_R",
    "parent": "MiddleFinger1_R",
    "local_matrix": [
      0.9988049389526074,
      -4.068568681168408e-05,
      0.04887424954465495,
      0.0,
      9.456840911037205e-06,
      0.9999997956706211,
      0.0006391942460625763,
      0.0,
      -0.04887426556426681,
      -0.0006379681739147992,
      0.9988047352521726,
      0.0,
      0.3051171600818634,
      -1.1102230246251565e-16,
      -3.019806626980426e-14,
      1.0
    ],
    "rotateOrder": "xyz"
  },
  {
    "name": "|Root_M|RootPart1_M|Spine1_M|Spine1Part1_M|Chest_M|Scapula_L|Shoulder_L|ShoulderPart1_L|Elbow_L|ElbowPart1_L|Wrist_L|MiddleFinger1_L|MiddleFinger2_L|MiddleFinger3_L",
    "parent": "MiddleFinger2_L",
    "local_matrix": [
      0.9999555203509999,
      3.052952003680216e-05,
      -0.00943166939144237,
      0.0,
      -2.1746789918631148e-05,
      0.9999995661065165,
      0.0009312968676747055,
      0.0,
      0.009431693731148863,
      -0.0009310503353840788,
      0.9999550871407349,
      0.0,
      -0.2544700801372528,
      2.4424906541753444e-15,
      -2.842170943040401e-14,
      1.0
    ],
    "rotateOrder": "xyz"
  },
  {
    "name": "|Root_M|RootPart1_M|Spine1_M|Spine1Part1_M|Chest_M|Scapula_R|Shoulder_R|ShoulderPart1_R|Elbow_R|ElbowPart1_R|Wrist_R|MiddleFinger1_R|MiddleFinger2_R|MiddleFinger3_R",
    "parent": "MiddleFinger2_R",
    "local_matrix": [
      0.9999555203509999,
      3.0529520036679685e-05,
      -0.009431669391442736,
      0.0,
      -2.1746789918517866e-05,
      0.9999995661065165,
      0.0009312968676736946,
      0.0,
      0.00943169373114923,
      -0.000931050335383069,
      0.9999550871407349,
      0.0,
      0.2544700801372528,
      0.0,
      3.197442310920451e-14,
      1.0
    ],
    "rotateOrder": "xyz"
  },
  {
    "name": "|Root_M|RootPart1_M|Spine1_M|Spine1Part1_M|Chest_M|Scapula_L|Shoulder_L|ShoulderPart1_L|Elbow_L|ElbowPart1_L|Wrist_L|MiddleFinger1_L|MiddleFinger2_L|MiddleFinger3_L|MiddleFinger4_L",
    "parent": "MiddleFinger3_L",
    "local_matrix": [
      1.0,
      0.0,
      0.0,
      0.0,
      0.0,
      1.0,
      0.0,
      0.0,
      0.0,
      0.0,
      1.0,
      0.0,
      -0.1917920708656311,
      -9.992007221626409e-16,
      1.7763568394002505e-14,
      1.0
    ],
    "rotateOrder": "xyz"
  },
  {
    "name": "|Root_M|RootPart1_M|Spine1_M|Spine1Part1_M|Chest_M|Scapula_R|Shoulder_R|ShoulderPart1_R|Elbow_R|ElbowPart1_R|Wrist_R|MiddleFinger1_R|MiddleFinger2_R|MiddleFinger3_R|MiddleFinger4_R",
    "parent": "MiddleFinger3_R",
    "local_matrix": [
      1.0,
      0.0,
      0.0,
      0.0,
      0.0,
      1.0,
      0.0,
      0.0,
      0.0,
      0.0,
      1.0,
      0.0,
      0.1917920708656311,
      -1.5543122344752192e-15,
      3.552713678800501e-15,
      1.0
    ],
    "rotateOrder": "xyz"
  },
  {
    "name": "|Root_M|RootPart1_M|Spine1_M|Spine1Part1_M|Chest_M|Neck_M|NeckPart1_M",
    "parent": "Neck_M",
    "local_matrix": [
      1.0,
      0.0,
      0.0,
      0.0,
      0.0,
      1.0,
      0.0,
      0.0,
      0.0,
      0.0,
      1.0,
      0.0,
      0.5345494151115417,
      -2.220446049250313e-16,
      -4.0863595762846423e-16,
      1.0
    ],
    "rotateOrder": "zyx"
  },
  {
    "name": "|Root_M|RootPart1_M|Spine1_M|Spine1Part1_M|Chest_M|Neck_M",
    "parent": "Chest_M",
    "local_matrix": [
      0.9979695375757339,
      0.06369303000231485,
      0.0,
      0.0,
      -0.06369303000231485,
      0.9979695375757339,
      0.0,
      0.0,
      0.0,
      0.0,
      1.0,
      0.0,
      1.029681921005249,
      1.887379141862766e-15,
      3.558539147895242e-15,
      1.0
    ],
    "rotateOrder": "zyx"
  },
  {
    "name": "|Root_M|RootPart1_M|Spine1_M|Spine1Part1_M|Chest_M|Scapula_L|Shoulder_L|ShoulderPart1_L|Elbow_L|ElbowPart1_L|Wrist_L|Cup_L|PinkyFinger1_L",
    "parent": "Cup_L",
    "local_matrix": [
      0.925889617411654,
      -0.3486612513046663,
      -0.14547765535629653,
      0.0,
      0.34791265971875374,
      0.937001139512197,
      -0.03139499578383401,
      0.0,
      0.14725894735710882,
      -0.02154521736972276,
      0.9888632898595071,
      0.0,
      -0.2943004369735718,
      0.23514904081821442,
      0.033422742038965225,
      1.0
    ],
    "rotateOrder": "xyz"
  },
  {
    "name": "|Root_M|RootPart1_M|Spine1_M|Spine1Part1_M|Chest_M|Scapula_R|Shoulder_R|ShoulderPart1_R|Elbow_R|ElbowPart1_R|Wrist_R|Cup_R|PinkyFinger1_R",
    "parent": "Cup_R",
    "local_matrix": [
      0.925889617411654,
      -0.3486612513046661,
      -0.14547765535629703,
      0.0,
      0.3479126597187534,
      0.9370011395121971,
      -0.031394995783834485,
      0.0,
      0.14725894735710943,
      -0.021545217369722452,
      0.9888632898595071,
      0.0,
      0.2943004369735718,
      -0.23514904081821442,
      -0.033422742038965225,
      1.0
    ],
    "rotateOrder": "xyz"
  },
  {
    "name": "|Root_M|RootPart1_M|Spine1_M|Spine1Part1_M|Chest_M|Scapula_L|Shoulder_L|ShoulderPart1_L|Elbow_L|ElbowPart1_L|Wrist_L|Cup_L|PinkyFinger1_L|PinkyFinger2_L",
    "parent": "PinkyFinger1_L",
    "local_matrix": [
      0.9994412636431176,
      -0.0024289542759680267,
      0.0333355772197441,
      0.0,
      0.002273498269667571,
      0.9999863682583565,
      0.004700479026685863,
      0.0,
      -0.03334654004639888,
      -0.004622064321031434,
      0.9994331617413673,
      0.0,
      -0.22833073139190674,
      4.718447854656915e-15,
      3.375077994860476e-14,
      1.0
    ],
    "rotateOrder": "xyz"
  },
  {
    "name": "|Root_M|RootPart1_M|Spine1_M|Spine1Part1_M|Chest_M|Scapula_R|Shoulder_R|ShoulderPart1_R|Elbow_R|ElbowPart1_R|Wrist_R|Cup_R|PinkyFinger1_R|PinkyFinger2_R",
    "parent": "PinkyFinger1_R",
    "local_matrix": [
      0.9994412636431176,
      -0.00242895427596806,
      0.03333557721974509,
      0.0,
      0.002273498269667612,
      0.9999863682583565,
      0.0047004790266854946,
      0.0,
      -0.033346540046399864,
      -0.00462206432103106,
      0.9994331617413673,
      0.0,
      0.22833073139190674,
      -2.220446049250313e-15,
      8.881784197001252e-15,
      1.0
    ],
    "rotateOrder": "xyz"
  },
  {
    "name": "|Root_M|RootPart1_M|Spine1_M|Spine1Part1_M|Chest_M|Scapula_L|Shoulder_L|ShoulderPart1_L|Elbow_L|ElbowPart1_L|Wrist_L|Cup_L|PinkyFinger1_L|PinkyFinger2_L|PinkyFinger3_L",
    "parent": "PinkyFinger2_L",
    "local_matrix": [
      0.9985152916075887,
      -0.002568577498569759,
      0.0544115321916779,
      0.0,
      0.0005317804033563778,
      0.9992996857870818,
      0.037414638785402604,
      0.0,
      -0.05446952942163872,
      -0.03733015397066275,
      0.997817383076238,
      0.0,
      -0.1410798579454422,
      -3.552713678800501e-15,
      -2.4868995751603507e-14,
      1.0
    ],
    "rotateOrder": "xyz"
  },
  {
    "name": "|Root_M|RootPart1_M|Spine1_M|Spine1Part1_M|Chest_M|Scapula_R|Shoulder_R|ShoulderPart1_R|Elbow_R|ElbowPart1_R|Wrist_R|Cup_R|PinkyFinger1_R|PinkyFinger2_R|PinkyFinger3_R",
    "parent": "PinkyFinger2_R",
    "local_matrix": [
      0.9985152916075887,
      -0.0025685774985696485,
      0.054411532191677776,
      0.0,
      0.0005317804033562613,
      0.9992996857870818,
      0.03741463878540279,
      0.0,
      -0.05446952942163858,
      -0.03733015397066294,
      0.997817383076238,
      0.0,
      0.1410798579454422,
      0.0,
      -1.7763568394002505e-14,
      1.0
    ],
    "rotateOrder": "xyz"
  },
  {
    "name": "|Root_M|RootPart1_M|Spine1_M|Spine1Part1_M|Chest_M|Scapula_L|Shoulder_L|ShoulderPart1_L|Elbow_L|ElbowPart1_L|Wrist_L|Cup_L|PinkyFinger1_L|PinkyFinger2_L|PinkyFinger3_L|PinkyFinger4_L",
    "parent": "PinkyFinger3_L",
    "local_matrix": [
      1.0,
      0.0,
      0.0,
      0.0,
      0.0,
      1.0,
      0.0,
      0.0,
      0.0,
      0.0,
      1.0,
      0.0,
      -0.17482438683509827,
      5.7592819402429996e-15,
      -4.440892098500626e-14,
      1.0
    ],
    "rotateOrder": "xyz"
  },
  {
    "name": "|Root_M|RootPart1_M|Spine1_M|Spine1Part1_M|Chest_M|Scapula_R|Shoulder_R|ShoulderPart1_R|Elbow_R|ElbowPart1_R|Wrist_R|Cup_R|PinkyFinger1_R|PinkyFinger2_R|PinkyFinger3_R|PinkyFinger4_R",
    "parent": "PinkyFinger3_R",
    "local_matrix": [
      1.0,
      0.0,
      0.0,
      0.0,
      0.0,
      1.0,
      0.0,
      0.0,
      0.0,
      0.0,
      1.0,
      0.0,
      0.17482438683509827,
      -4.676814491233472e-15,
      7.105427357601002e-14,
      1.0
    ],
    "rotateOrder": "xyz"
  },
  {
    "name": "|Root_M|RootPart1_M|Spine1_M|Spine1Part1_M|Chest_M|Scapula_L|Shoulder_L|ShoulderPart1_L|Elbow_L|ElbowPart1_L|Wrist_L|Cup_L|RingFinger1_L",
    "parent": "Cup_L",
    "local_matrix": [
      0.9572668209373685,
      -0.25755244767380386,
      -0.13155595854881202,
      0.0,
      0.26022688362985874,
      0.9655419939933054,
      0.003259888299268387,
      0.0,
      0.12618321032830082,
      -0.03735498002494779,
      0.9913033859008954,
      0.0,
      -0.3825262784957886,
      0.08191384375095367,
      0.008271301165223122,
      1.0
    ],
    "rotateOrder": "xyz"
  },
  {
    "name": "|Root_M|RootPart1_M|Spine1_M|Spine1Part1_M|Chest_M|Scapula_R|Shoulder_R|ShoulderPart1_R|Elbow_R|ElbowPart1_R|Wrist_R|Cup_R|RingFinger1_R",
    "parent": "Cup_R",
    "local_matrix": [
      0.9572668209373681,
      -0.2575524476738045,
      -0.13155595854881263,
      0.0,
      0.26022688362985924,
      0.9655419939933053,
      0.003259888299267796,
      0.0,
      0.12618321032830154,
      -0.037354980024947464,
      0.9913033859008953,
      0.0,
      0.3825262784957886,
      -0.08191384375095367,
      -0.008271301165223122,
      1.0
    ],
    "rotateOrder": "xyz"
  },
  {
    "name": "|Root_M|RootPart1_M|Spine1_M|Spine1Part1_M|Chest_M|Scapula_L|Shoulder_L|ShoulderPart1_L|Elbow_L|ElbowPart1_L|Wrist_L|Cup_L|RingFinger1_L|RingFinger2_L",
    "parent": "RingFinger1_L",
    "local_matrix": [
      0.9993671939962685,
      0.0001756897356747263,
      0.035569378644297205,
      0.0,
      -5.715306807274216e-07,
      0.9999878808011501,
      -0.004923235775198976,
      0.0,
      -0.03556981253391645,
      0.004920099993051454,
      0.9993550825669325,
      0.0,
      -0.2732415199279785,
      2.220446049250313e-15,
      -2.3092638912203256e-14,
      1.0
    ],
    "rotateOrder": "xyz"
  },
  {
    "name": "|Root_M|RootPart1_M|Spine1_M|Spine1Part1_M|Chest_M|Scapula_R|Shoulder_R|ShoulderPart1_R|Elbow_R|ElbowPart1_R|Wrist_R|Cup_R|RingFinger1_R|RingFinger2_R",
    "parent": "RingFinger1_R",
    "local_matrix": [
      0.9993671939962685,
      0.0001756897356748975,
      0.03556937864429771,
      0.0,
      -5.71530680923608e-07,
      0.9999878808011501,
      -0.004923235775198207,
      0.0,
      -0.03556981253391696,
      0.00492009999305068,
      0.9993550825669325,
      0.0,
      0.2732415199279785,
      -8.881784197001252e-16,
      8.881784197001252e-15,
      1.0
    ],
    "rotateOrder": "xyz"
  },
  {
    "name": "|Root_M|RootPart1_M|Spine1_M|Spine1Part1_M|Chest_M|Scapula_L|Shoulder_L|ShoulderPart1_L|Elbow_L|ElbowPart1_L|Wrist_L|Cup_L|RingFinger1_L|RingFinger2_L|RingFinger3_L",
    "parent": "RingFinger2_L",
    "local_matrix": [
      0.9997910783278894,
      -0.00010808826813580958,
      0.020439863328370188,
      0.0,
      -9.399791145633852e-05,
      0.9999511313867495,
      0.00988564629916491,
      0.0,
      -0.020439932982982183,
      -0.009885502277873513,
      0.9997422097642799,
      0.0,
      -0.21729090809822083,
      -3.3306690738754696e-16,
      0.0,
      1.0
    ],
    "rotateOrder": "xyz"
  },
  {
    "name": "|Root_M|RootPart1_M|Spine1_M|Spine1Part1_M|Chest_M|Scapula_R|Shoulder_R|ShoulderPart1_R|Elbow_R|ElbowPart1_R|Wrist_R|Cup_R|RingFinger1_R|RingFinger2_R|RingFinger3_R",
    "parent": "RingFinger2_R",
    "local_matrix": [
      0.9997910783278894,
      -0.00010808826813597179,
      0.0204398633283702,
      0.0,
      -9.399791145617116e-05,
      0.9999511313867495,
      0.009885646299164653,
      0.0,
      -0.020439932982982197,
      -0.009885502277873253,
      0.9997422097642799,
      0.0,
      0.21729090809822083,
      6.661338147750939e-16,
      -7.105427357601002e-15,
      1.0
    ],
    "rotateOrder": "xyz"
  },
  {
    "name": "|Root_M|RootPart1_M|Spine1_M|Spine1Part1_M|Chest_M|Scapula_L|Shoulder_L|ShoulderPart1_L|Elbow_L|ElbowPart1_L|Wrist_L|Cup_L|RingFinger1_L|RingFinger2_L|RingFinger3_L|RingFinger4_L",
    "parent": "RingFinger3_L",
    "local_matrix": [
      1.0,
      0.0,
      0.0,
      0.0,
      0.0,
      1.0,
      0.0,
      0.0,
      0.0,
      0.0,
      1.0,
      0.0,
      -0.18940743803977966,
      -9.992007221626409e-16,
      4.796163466380676e-14,
      1.0
    ],
    "rotateOrder": "xyz"
  },
  {
    "name": "|Root_M|RootPart1_M|Spine1_M|Spine1Part1_M|Chest_M|Scapula_R|Shoulder_R|ShoulderPart1_R|Elbow_R|ElbowPart1_R|Wrist_R|Cup_R|RingFinger1_R|RingFinger2_R|RingFinger3_R|RingFinger4_R",
    "parent": "RingFinger3_R",
    "local_matrix": [
      1.0,
      0.0,
      0.0,
      0.0,
      0.0,
      1.0,
      0.0,
      0.0,
      0.0,
      0.0,
      1.0,
      0.0,
      0.18940743803977966,
      -1.6653345369377348e-15,
      -3.552713678800501e-15,
      1.0
    ],
    "rotateOrder": "xyz"
  },
  {
    "name": "|Root_M|RootPart1_M",
    "parent": "Root_M",
    "local_matrix": [
      1.0,
      0.0,
      0.0,
      0.0,
      0.0,
      1.0,
      0.0,
      0.0,
      0.0,
      0.0,
      1.0,
      0.0,
      0.8287679553031921,
      -1.5543122344752192e-15,
      -6.603116808725823e-16,
      1.0
    ],
    "rotateOrder": "xyz"
  },
  {
    "name": "|Root_M",
    "parent": null,
    "local_matrix": [
      4.440892098500626e-16,
      0.9910637406776603,
      0.13338913716642523,
      0.0,
      -6.106226635438362e-16,
      -0.1333891371664253,
      0.9910637406776603,
      0.0,
      1.0,
      -6.106226635438362e-16,
      4.440892098500626e-16,
      0.0,
      1.80568141120177e-16,
      9.081645965576172,
      -0.36725273728370667,
      1.0
    ],
    "rotateOrder": "xyz"
  },
  {
    "name": "|Root_M|RootPart1_M|Spine1_M|Spine1Part1_M|Chest_M|Scapula_L",
    "parent": "Chest_M",
    "local_matrix": [
      -0.01492675143559774,
      0.0006419561819983599,
      -0.9998883837628278,
      0.0,
      -0.018093222879113215,
      -0.9998362351085786,
      -0.0003718195126234305,
      0.0,
      -0.999724875842062,
      0.018085653324213295,
      0.014935922014049141,
      0.0,
      0.6228806376457214,
      -0.05608285591006279,
      0.4545137584209442,
      1.0
    ],
    "rotateOrder": "zxy"
  },
  {
    "name": "|Root_M|RootPart1_M|Spine1_M|Spine1Part1_M|Chest_M|Scapula_R",
    "parent": "Chest_M",
    "local_matrix": [
      0.014926751435594299,
      -0.0006419561819988231,
      -0.9998883837628281,
      0.0,
      0.018093222879113573,
      0.9998362351085786,
      -0.00037181951262394916,
      0.0,
      0.9997248758420623,
      -0.01808565332421365,
      0.0149359220140457,
      0.0,
      0.6228806376457214,
      -0.05608285591006279,
      -0.4545137584209442,
      1.0
    ],
    "rotateOrder": "zxy"
  },
  {
    "name": "|Root_M|RootPart1_M|Spine1_M|Spine1Part1_M|Chest_M|Scapula_L|Shoulder_L|ShoulderPart1_L",
    "parent": "Shoulder_L",
    "local_matrix": [
      1.0,
      0.0,
      0.0,
      0.0,
      0.0,
      1.0,
      0.0,
      0.0,
      0.0,
      0.0,
      1.0,
      0.0,
      -1.1615582704544067,
      -7.216449660063518e-16,
      5.329070518200751e-15,
      1.0
    ],
    "rotateOrder": "zyx"
  },
  {
    "name": "|Root_M|RootPart1_M|Spine1_M|Spine1Part1_M|Chest_M|Scapula_R|Shoulder_R|ShoulderPart1_R",
    "parent": "Shoulder_R",
    "local_matrix": [
      1.0,
      0.0,
      0.0,
      0.0,
      0.0,
      1.0,
      0.0,
      0.0,
      0.0,
      0.0,
      1.0,
      0.0,
      1.1615582704544067,
      -2.609024107869118e-15,
      3.552713678800501e-15,
      1.0
    ],
    "rotateOrder": "zyx"
  },
  {
    "name": "|Root_M|RootPart1_M|Spine1_M|Spine1Part1_M|Chest_M|Scapula_L|Shoulder_L",
    "parent": "Scapula_L",
    "local_matrix": [
      0.9968110955090506,
      -0.0690924345507356,
      -0.03992336856903283,
      0.0,
      0.06903646679978537,
      0.9976102622014643,
      -0.002780467969195963,
      0.0,
      0.04002007148730063,
      1.543301365042283e-05,
      0.999198875920091,
      0.0,
      -0.8414632678031921,
      8.992806499463768e-15,
      1.7763568394002505e-15,
      1.0
    ],
    "rotateOrder": "zyx"
  },
  {
    "name": "|Root_M|RootPart1_M|Spine1_M|Spine1Part1_M|Chest_M|Scapula_R|Shoulder_R",
    "parent": "Scapula_R",
    "local_matrix": [
      0.9968110955090506,
      -0.06909243455073485,
      -0.03992336856903258,
      0.0,
      0.06903646679978462,
      0.9976102622014644,
      -0.00278046796919589,
      0.0,
      0.04002007148730038,
      1.543301365039681e-05,
      0.999198875920091,
      0.0,
      0.8414632678031921,
      -1.176836406102666e-14,
      -1.5987211554602254e-14,
      1.0
    ],
    "rotateOrder": "zyx"
  },
  {
    "name": "|Root_M|RootPart1_M|Spine1_M|Spine1Part1_M",
    "parent": "Spine1_M",
    "local_matrix": [
      1.0,
      0.0,
      0.0,
      0.0,
      0.0,
      1.0,
      0.0,
      0.0,
      0.0,
      0.0,
      1.0,
      0.0,
      0.7419041991233826,
      -4.440892098500626e-16,
      -6.578559206002553e-16,
      1.0
    ],
    "rotateOrder": "xyz"
  },
  {
    "name": "|Root_M|RootPart1_M|Spine1_M",
    "parent": "RootPart1_M",
    "local_matrix": [
      0.9348774730674103,
      -0.354970576739951,
      -0.0,
      0.0,
      0.354970576739951,
      0.9348774730674103,
      0.0,
      0.0,
      0.0,
      -0.0,
      1.0,
      0.0,
      0.8287679553031921,
      2.220446049250313e-16,
      -1.5046468811294369e-15,
      1.0
    ],
    "rotateOrder": "xyz"
  },
  {
    "name": "|Root_M|RootPart1_M|Spine1_M|Spine1Part1_M|Chest_M|Scapula_L|Shoulder_L|ShoulderPart1_L|Elbow_L|ElbowPart1_L|Wrist_L|ThumbFinger1_L",
    "parent": "Wrist_L",
    "local_matrix": [
      0.7003254443307014,
      0.5729876293805115,
      -0.42571052206858495,
      0.0,
      -0.5323237631916208,
      0.021883475233725136,
      -0.8462579539674686,
      0.0,
      -0.4755793132217978,
      0.8192718047684764,
      0.320340485650638,
      0.0,
      -0.23135028779506683,
      -0.2011173665523529,
      0.1344786286354065,
      1.0
    ],
    "rotateOrder": "xyz"
  },
  {
    "name": "|Root_M|RootPart1_M|Spine1_M|Spine1Part1_M|Chest_M|Scapula_R|Shoulder_R|ShoulderPart1_R|Elbow_R|ElbowPart1_R|Wrist_R|ThumbFinger1_R",
    "parent": "Wrist_R",
    "local_matrix": [
      0.7003254443307012,
      0.5729876293805118,
      -0.42571052206858495,
      0.0,
      -0.5323237631916209,
      0.021883475233725247,
      -0.8462579539674685,
      0.0,
      -0.4755793132217979,
      0.8192718047684763,
      0.32034048565063833,
      0.0,
      0.23135028779506683,
      0.2011173665523529,
      -0.1344786286354065,
      1.0
    ],
    "rotateOrder": "xyz"
  },
  {
    "name": "|Root_M|RootPart1_M|Spine1_M|Spine1Part1_M|Chest_M|Scapula_L|Shoulder_L|ShoulderPart1_L|Elbow_L|ElbowPart1_L|Wrist_L|ThumbFinger1_L|ThumbFinger2_L",
    "parent": "ThumbFinger1_L",
    "local_matrix": [
      0.9757608239016043,
      0.0,
      -0.21883970055468055,
      0.0,
      0.0,
      1.0,
      0.0,
      0.0,
      0.21883970055468055,
      0.0,
      0.9757608239016043,
      0.0,
      -0.2464444786310196,
      -8.881784197001252e-15,
      -9.603429163007604e-15,
      1.0
    ],
    "rotateOrder": "xyz"
  },
  {
    "name": "|Root_M|RootPart1_M|Spine1_M|Spine1Part1_M|Chest_M|Scapula_R|Shoulder_R|ShoulderPart1_R|Elbow_R|ElbowPart1_R|Wrist_R|ThumbFinger1_R|ThumbFinger2_R",
    "parent": "ThumbFinger1_R",
    "local_matrix": [
      0.9757608239016043,
      0.0,
      -0.21883970055468052,
      0.0,
      0.0,
      1.0,
      0.0,
      0.0,
      0.21883970055468052,
      0.0,
      0.9757608239016043,
      0.0,
      0.2464444786310196,
      -3.552713678800501e-15,
      3.3584246494910985e-15,
      1.0
    ],
    "rotateOrder": "xyz"
  },
  {
    "name": "|Root_M|RootPart1_M|Spine1_M|Spine1Part1_M|Chest_M|Scapula_L|Shoulder_L|ShoulderPart1_L|Elbow_L|ElbowPart1_L|Wrist_L|ThumbFinger1_L|ThumbFinger2_L|ThumbFinger3_L",
    "parent": "ThumbFinger2_L",
    "local_matrix": [
      0.9957117120690662,
      0.0164913894733129,
      0.09102867966596348,
      0.0,
      -0.01642290303376043,
      0.9998640077896791,
      -0.0015013935873707418,
      0.0,
      -0.09104106054101518,
      -7.491945432092083e-14,
      0.9958471395227116,
      0.0,
      -0.2925563156604767,
      3.552713678800501e-15,
      -9.686695889854491e-15,
      1.0
    ],
    "rotateOrder": "xyz"
  },
  {
    "name": "|Root_M|RootPart1_M|Spine1_M|Spine1Part1_M|Chest_M|Scapula_R|Shoulder_R|ShoulderPart1_R|Elbow_R|ElbowPart1_R|Wrist_R|ThumbFinger1_R|ThumbFinger2_R|ThumbFinger3_R",
    "parent": "ThumbFinger2_R",
    "local_matrix": [
      0.9957117120690662,
      0.016491389473313595,
      0.0910286796659634,
      0.0,
      -0.016422903033761104,
      0.9998640077896791,
      -0.001501393587371004,
      0.0,
      -0.0910410605410151,
      -7.471822639770752e-14,
      0.9958471395227118,
      0.0,
      0.2925563156604767,
      1.7763568394002505e-14,
      -1.7486012637846216e-15,
      1.0
    ],
    "rotateOrder": "xyz"
  },
  {
    "name": "|Root_M|RootPart1_M|Spine1_M|Spine1Part1_M|Chest_M|Scapula_L|Shoulder_L|ShoulderPart1_L|Elbow_L|ElbowPart1_L|Wrist_L|ThumbFinger1_L|ThumbFinger2_L|ThumbFinger3_L|ThumbFinger4_L",
    "parent": "ThumbFinger3_L",
    "local_matrix": [
      1.0,
      0.0,
      0.0,
      0.0,
      0.0,
      1.0,
      0.0,
      0.0,
      0.0,
      0.0,
      1.0,
      0.0,
      -0.22127409279346466,
      -3.375077994860476e-14,
      1.1546319456101628e-14,
      1.0
    ],
    "rotateOrder": "xyz"
  },
  {
    "name": "|Root_M|RootPart1_M|Spine1_M|Spine1Part1_M|Chest_M|Scapula_R|Shoulder_R|ShoulderPart1_R|Elbow_R|ElbowPart1_R|Wrist_R|ThumbFinger1_R|ThumbFinger2_R|ThumbFinger3_R|ThumbFinger4_R",
    "parent": "ThumbFinger3_R",
    "local_matrix": [
      1.0,
      0.0,
      0.0,
      0.0,
      0.0,
      1.0,
      0.0,
      0.0,
      0.0,
      0.0,
      1.0,
      0.0,
      0.22127409279346466,
      8.881784197001252e-15,
      2.7755575615628914e-16,
      1.0
    ],
    "rotateOrder": "xyz"
  },
  {
    "name": "|Root_M|Hip_L|HipPart1_L|Knee_L|Ankle_L|Toes_L|ToesEnd_L",
    "parent": "Toes_L",
    "local_matrix": [
      1.0,
      0.0,
      0.0,
      0.0,
      0.0,
      1.0,
      0.0,
      0.0,
      0.0,
      0.0,
      1.0,
      0.0,
      -0.6490806341171265,
      -3.747002708109903e-15,
      -2.220446049250313e-16,
      1.0
    ],
    "rotateOrder": "zyx"
  },
  {
    "name": "|Root_M|Hip_R|HipPart1_R|Knee_R|Ankle_R|Toes_R|ToesEnd_R",
    "parent": "Toes_R",
    "local_matrix": [
      1.0,
      0.0,
      0.0,
      0.0,
      0.0,
      1.0,
      0.0,
      0.0,
      0.0,
      0.0,
      1.0,
      0.0,
      0.6490806341171265,
      -2.192690473634684e-15,
      -1.1102230246251565e-16,
      1.0
    ],
    "rotateOrder": "zyx"
  },
  {
    "name": "|Root_M|Hip_L|HipPart1_L|Knee_L|Ankle_L|Toes_L",
    "parent": "Ankle_L",
    "local_matrix": [
      0.17134053112761571,
      0.9846816857226649,
      0.032317181115897535,
      0.0,
      -0.984229136902438,
      0.16961276168125705,
      0.05024457331035194,
      0.0,
      0.043993504806832597,
      -0.040416443154095726,
      0.9982139463349442,
      0.0,
      -0.6275899410247803,
      -1.0994077920913696,
      3.9968028886505635e-15,
      1.0
    ],
    "rotateOrder": "zyx"
  },
  {
    "name": "|Root_M|Hip_R|HipPart1_R|Knee_R|Ankle_R|Toes_R",
    "parent": "Ankle_R",
    "local_matrix": [
      0.1713405311276075,
      0.9846816857226662,
      0.03231718111589774,
      0.0,
      -0.9842291369024393,
      0.16961276168124884,
      0.05024457331035212,
      0.0,
      0.04399350480683308,
      -0.04041644315409559,
      0.9982139463349442,
      0.0,
      0.6275899410247803,
      1.0994077920913696,
      -1.6653345369377348e-15,
      1.0
    ],
    "rotateOrder": "zyx"
  },
  {
    "name": "|Root_M|RootPart1_M|Spine1_M|Spine1Part1_M|Chest_M|Scapula_L|Shoulder_L|ShoulderPart1_L|Elbow_L|ElbowPart1_L|Wrist_L",
    "parent": "ElbowPart1_L",
    "local_matrix": [
      0.9939718625490109,
      0.041560290639217935,
      0.1014528397967935,
      0.0,
      -0.04109423846175949,
      0.9991329424651558,
      -0.006680332788693619,
      0.0,
      -0.10164251091988115,
      0.002470935633192909,
      0.9948179202502327,
      0.0,
      -1.0612115859985352,
      -9.992007221626409e-16,
      -2.3447910280083306e-13,
      1.0
    ],
    "rotateOrder": "zyx"
  },
  {
    "name": "|Root_M|RootPart1_M|Spine1_M|Spine1Part1_M|Chest_M|Scapula_R|Shoulder_R|ShoulderPart1_R|Elbow_R|ElbowPart1_R|Wrist_R",
    "parent": "ElbowPart1_R",
